-73.009992,41.24718
-73.009059,41.245823
-73.461261,41.080085
-88.192406,43.036619
-121.564417,37.025243
-118.329996,33.921425
-118.9462364,34.9871869
-75.6911386,39.6621876
-81.7895781,26.4864276
-80.4123944,27.312983
-88.984814,40.508628
-97.9797372,29.8298106
-122.977335,46.72984
-122.3372441,48.5091927
-120.6654672,35.4865155
-117.085136,34.849399
-120.188559,34.615453
-120.2380604,36.2541195
-121.1892154,38.6428248
-121.9453883,37.4931367
-122.881816,45.153018
-88.9754502,42.2411806
-97.109168,31.581524
-107.340878,39.552525
-106.0711107,39.6311943
-73.504425,41.067819
-81.0415821,29.1124362
-96.538109,29.6901859
-122.198028,39.926285
-122.3176556,41.3098055
-79.511082,36.0695509
-123.3233223,42.4607676
-123.037707,44.082099
-77.4615637,37.6690259
-114.2356472,33.6625158
-86.456695,42.056717
-103.2112312,44.1075101
-96.44825,32.068933
-95.5658524,30.7156974
-87.8161958,42.1742546
-85.0001204,41.6991998
-86.1878432,41.7188212
-95.595456,43.634433
-77.847215,35.973481
-121.9553334,38.3661075
-81.41628,29.924223
-120.54101,46.9768472
-90.0595772,43.7958765
-91.188923,43.879061
-104.4518267,42.7552564
-73.793453,40.661478
-122.152388,44.737197
-80.475214,33.4868731
-98.0429128,43.7019148
-100.7165963,43.8867263
-111.662778,35.174769
-110.1465396,34.9230924
-114.0659565,35.1911456
-108.6021814,39.0892744
-108.1445472,36.7669305
-108.8291065,35.5051914
-109.4753319,37.6254364
-109.5507944,38.5730092
-104.807352,41.161994
-81.2087564,32.1356321
-77.148335,39.0250017
-77.734579,39.606981
-93.3585462,43.6858647
-79.002433,34.667221
-73.5151999,40.800008
-81.5183629,41.312212
-83.6664681,41.5791899
-79.077388,40.017411
-71.4970598,41.661858
-89.3043221,43.1280801
-114.6197402,32.727466
-91.4384579,44.7712031
-87.950428,42.518715
-115.139133,36.165906
-88.3088086,41.7606442
-80.2841924,25.669517
-104.87598,39.56427
-76.756579,35.8501509
-112.5571009,33.4432976
-110.1399956,38.9930088
-73.671661,41.041538
-73.673445,41.040555
-112.083683,38.787658
-80.108276,40.6838229
-121.2692846,38.7734419
-74.6408341,40.1952069
-117.6628716,33.4983514
-112.652524,38.249149
-73.8161421,42.7109998
-77.2952552,38.6434359
-80.601647,40.062131
-112.7081706,32.9488848
-83.6263744,32.8339073
-103.7088202,39.2690109
-99.319142,38.900543
-101.7250365,39.3256719
-111.8410797,39.6778222
-118.3677762,47.1167458
-112.7309542,33.9700056
-97.618739,38.877121
-83.53221,31.448847
-108.6040904,45.7345477
-121.2084416,45.6119994
-113.6022763,37.1258437
-78.103517,36.748516
-120.2064298,39.3272037
-82.679605,30.181405
-74.3364339,40.547671
-78.481082,38.0311
-77.4293809,37.534264
-85.1969251,35.0374375
-123.4926352,39.1027915
-112.1179659,34.3271068
-119.176983,34.240808
-116.2131578,33.742722
-109.9445747,45.8369805
-82.3217848,27.9386996
-86.8130712,40.4169274
-78.4814259,38.0309197
-85.4798702,32.6120482
-86.6351753,31.8561344
-111.681694,32.878773
-116.820082,33.931316
-118.390162,33.986765
-115.532486,32.760837
-117.529427,34.113584
-104.794648,39.77512
-72.759717,41.722672
-86.116677,30.720702
-82.193938,29.140981
-80.82286,27.60089
-81.500189,28.514873
-84.39713,33.79382
-84.285394,33.793198
-87.721114,41.585206
-89.67119,39.748868
-86.07959,39.702238
-95.760226,39.044394
-93.248782,30.199071
-75.56489,38.4016
-71.833059,42.203734
-70.540289,41.781195
-111.06329,45.70007
-112.507161,45.981226
-114.031924,46.914375
-114.888901,47.192149
-74.074191,40.957479
-84.277027,39.858702
-84.071932,40.726668
-86.804301,35.969135
-71.475065,43.11007
-71.477768,43.109066
-118.061916,36.60059
-121.228683,37.782622
-114.624329,34.850835
-122.625023,38.242676
-118.367407,33.894227
-97.33314,37.60878
-84.420664,38.017955
-84.11385,37.14916
-91.153792,30.4226856
-72.6226341,42.1288586
-115.790859,40.836301
-118.472135,40.179476
-115.388014,35.610678
-114.058998,40.738399
-75.206857,43.113878
-72.565798,42.838443
-118.1741298,35.0687118
-88.1195475,30.6751585
-117.8126403,35.646639
-121.2107244,38.8004321
-81.047519,24.725916
-116.7925583,47.7087152
-88.563828,39.137285
-95.836025,41.220464
-94.3707357,39.042147
-90.5334538,38.7842162
-117.7488086,40.9571761
-104.6545675,34.9464234
-76.1887182,43.1025052
-80.7651589,35.341491
-83.0629995,39.877568
-97.3251289,36.2891258
-98.6597125,35.538453
-100.2489875,35.2264862
-111.8887785,40.720616
-112.2672818,40.68528
-112.1982437,41.7104289
-80.1121862,26.7781679
-95.2917132,29.8039531
-122.264333,38.236778
-84.1484237,35.902169
-97.1658897,34.1798154
-97.6502659,35.4614411
-106.6131689,35.1087029
-103.7235952,35.1538353
-104.5200587,37.1337681
-116.2795286,43.5918724
-117.9341502,33.7031995
-121.843824,36.617085
-122.0773213,37.4143233
-117.1946359,32.902824
-122.290113,37.545976
-84.247131,30.510938
-71.17823,42.235965
-83.7668615,42.2397874
-85.5320984,42.9160441
-92.1013762,46.7850709
-92.2525701,38.9581379
-72.3237415,43.6241096
-74.486738,40.322465
-74.5190483,40.415938
-74.0941358,40.2243815
-105.2045712,35.6220573
-78.695913,42.9683751
-74.071566,41.4999045
-84.3838897,39.2244699
-117.81288,44.783625
-118.671084,45.650918
-78.3378049,39.0052276
-119.1615292,46.1970777
-105.5264759,44.2927467
-106.9561694,44.804119
-114.455249,42.597887
-73.1797814,44.4627697
-118.301286,34.174826
-121.9249649,37.7027671
-81.66339,30.7910136
-69.7886426,44.3453053
-94.2553266,46.3790458
-92.9307228,46.0103586
-119.5480684,38.6949755
-70.8688168,42.8939153
-75.901724,42.1458295
-122.2925436,45.4028474
-82.3076142,34.8254436
-101.9305788,35.1896295
-97.166852,33.22992
-110.8331845,39.6016773
-76.2057865,36.8588971
-87.7457002,43.7507151
-82.603449,35.5291306
-111.6226152,35.1935917
-85.673571,38.21137
-79.4186845,37.7973232
-81.0548163,36.9462225
-104.8245869,38.8373289
-80.252332,26.1131942
-89.760156,30.266552
-85.4048223,44.2839013
-116.7533538,36.9147414
-78.9951664,35.2116046
-75.5610309,40.5884531
-75.3122875,41.0478287
-96.9789208,28.7673034
-119.3975212,35.400244
-119.9105218,36.836261
-118.965497,37.644518
-120.1630182,39.3220568
-123.208606,39.1478433
-80.6792,28.5261389
-117.1546301,33.5246871
-88.2607886,40.1451349
-87.3312855,39.4424285
-93.7529662,32.4771005
-90.1528487,32.2752075
-118.6189651,38.5334979
-76.8257674,40.2775858
-82.0454413,33.5147323
-112.0518804,43.4842077
-112.4346965,42.9001361
-89.127543,41.3458465
-86.4323822,36.9562832
-92.4468175,31.3127491
-89.5342798,36.8931914
-111.099136,44.656336
-117.2316522,38.0693007
-74.5622222,39.393133
-73.4912305,44.7023399
-72.4260932,40.8920765
-75.9526609,43.9781746
-73.676618,43.326835
-95.7646625,36.1658663
-121.3096221,44.034628
-123.9167278,46.0003594
-80.0852803,42.0499838
-95.4506694,32.4708475
-95.6029111,33.1371696
-76.0094207,39.6124428
-124.189737,40.779956
-121.1194515,38.6475163
-111.4686209,36.9248235
-124.1947249,41.7518083
-73.2386654,42.2962021
-82.4272066,42.9984188
-124.0105628,44.9587207
-99.0072197,32.3738933
-100.3924797,32.4508905
-88.3696053,41.8043747
-119.3311031,35.3542596
-117.9907509,33.8635518
-91.5918789,41.6818177
-92.055666,32.496137
-76.85709,39.0942239
-92.960045,44.963601
-88.6720275,32.3585212
-91.8020788,37.9399759
-74.027126,41.9413089
-76.4918828,41.0164106
-95.110212,29.78454
-100.2179994,34.4315008
-98.185215,28.521176
-72.576363,44.213413
-110.7940918,43.4631688
-88.9561178,38.3160389
-90.5138484,41.5773185
-93.8078437,41.5980507
-83.9341278,43.6212424
-124.4000584,43.1212079
-86.8087974,33.5256677
-121.0169014,37.1091068
-116.053149,34.120513
-94.4775847,37.0496343
-93.266188,37.251985
-100.1697798,40.9172852
-71.668967,44.041732
-82.7100699,40.4928284
-80.9513262,34.1064076
-88.8563677,35.6600441
-89.8602869,35.0990922
-97.867863,27.4929697